$ANSIBLE_VAULT;1.1;AES256
30323166386435646362626136623135343638373331623266396264396534656463376662626435
3230396665326165636465623139336361343562323164630a643932356432623430356335653038
61396331643639336266303839623261623939376663633634363532393433366461313963386532
3661323965303533330a363365613838633530316636303136663163663563346161633161653064
34373164383336346239353264303730333532306132616237343262623739666266343763376566
63633762383839613037663737303636313936363635613531303333333061363837623063383034
38333630623038393938303863356435646639373861333265633764333731616362623237316563
65313136653565303331643364646230366264393862393630653338313330333438613364653361
61343739376234336330373166336530623062323364373065363834363064623137326531303264
33643031613433393436366232303536626263636165376233343235663336316430356638623737
31643139363930663837316363323332376464323930343030356666653939616134663333383431
32323366303931316538336233346265383934306361393261343437616436326530396565313765
64343938353433663837376366623465313861373530316532653461386130303831613430323531
64363665333761623332643963346563356631653631333033313530656635313865636435313637
32363034393863353339373934363638386338626662663062623366336630333339663339623836
33343764613032336639366664376630316230366264393161653438666338366436613562376532
30633235363564333165653865313363613738383835613736663833346163306139386635316635
65656335363735633933616662343661316332333431353732353135343964633236343932353562
39653064376366663538323366626230353336393461653239653638643964303431663264316533
64303931343063363566393662343937643062386562633639336130366362363334663531316262
3037
